0.0002934, 0.000240, 0.000598, 0.001010,
0.000280, nan, 0.000448, 0.000237,
0.000167, 0.000139, 0.000238, 0.000168,
0.000204, 0.000135, 0.000223, 0.000215,

0.000042, 0.000329, 0.000203, 0.000427,
0.000044, 0.000074, 0.000076, 0.000092,
0.000058, 0.000084, 0.000063, 0.000082,
0.000104, 0.000100, 0.000083, 0.000139,

n = 1, c = 2, h = 4, w = 4
0.000293, 0.000240, 0.000598, 0.001010, 0.000293, 0.000240, 0.000598, 0.001010,
0.000280, nan, nan, 0.000237, 0.000293, 0.000240, 0.000598, 0.001010,
0.000167, 0.000139, 0.000238, 0.000168, 0.000293, 0.000240, 0.000598, 0.001010,
0.000204, 0.000135, 0.000223, 0.000215, 0.000293, 0.000240, 0.000598, 0.001010,

0.000042, 0.000329, 0.000203, 0.000427, 0.000293, 0.000240, 0.000598, 0.001010,
0.000058, 0.000084, 0.000063, 0.000082, 0.000044, 0.000074, 0.000076, 0.000092,
0.000058, 0.000084, 0.000063, 0.000082, 0.000058, 0.000084, 0.000063, 0.000082,
0.000104, 0.000100, 0.000083, 0.000139, 0.000293, 0.000240, 0.000598, 0.001010,

n = 1, c = 2, h = 4, w = 8 
